{
  "advancedEditorSelectedIdentifier" : "BehaviorsPluginID",
  "openSceneRelativePaths" : [
    "Immersive.usda"
  ],
  "recentIdentifiers" : {
    "AF09ED6F-1707-48FD-8720-65B998362C09" : [

    ]
  },
  "sceneCameraHistory" : {
    "AF09ED6F-1707-48FD-8720-65B998362C09" : [
      {
        "date" : 773137819.864422,
        "title" : "Untitled",
        "transform" : [
          0.12878004,
          2.546101e-08,
          0.99167323,
          0,
          0.2216001,
          0.9747129,
          -0.02877725,
          0,
          -0.96659666,
          0.2234608,
          0.12552352,
          0,
          -0.48524162,
          0.24305153,
          0.017367454,
          1
        ]
      },
      {
        "date" : 773137806.177628,
        "title" : "Untitled",
        "transform" : [
          0.12878004,
          2.546101e-08,
          0.99167323,
          0,
          0.2216001,
          0.9747129,
          -0.02877725,
          0,
          -0.96659666,
          0.2234608,
          0.12552352,
          0,
          -0.35328457,
          0.19642618,
          0.012644533,
          1
        ]
      },
      {
        "date" : 773137396.100626,
        "title" : "Untitled",
        "transform" : [
          0.12878004,
          2.546101e-08,
          0.99167323,
          0,
          0.2216001,
          0.9747129,
          -0.02877725,
          0,
          -0.96659666,
          0.2234608,
          0.12552352,
          0,
          -0.35059533,
          0.2063353,
          0.015712474,
          1
        ]
      },
      {
        "date" : 773137294.540103,
        "title" : "Untitled",
        "transform" : [
          0.12878004,
          2.546101e-08,
          0.99167323,
          0,
          0.2216001,
          0.9747129,
          -0.02877725,
          0,
          -0.96659666,
          0.2234608,
          0.12552352,
          0,
          -0.276603,
          0.15258186,
          0.005019478,
          1
        ]
      },
      {
        "date" : 773137285.149447,
        "title" : "Untitled",
        "transform" : [
          0.5740092,
          2.5845914e-08,
          0.8188489,
          0,
          0.25066862,
          0.9519919,
          -0.17571746,
          0,
          -0.7795375,
          0.30612314,
          0.54645205,
          0,
          -0.23120043,
          0.17557012,
          0.124648035,
          1
        ]
      },
      {
        "date" : 773137278.08307,
        "title" : "Untitled",
        "transform" : [
          0.5740092,
          2.5845914e-08,
          0.8188489,
          0,
          0.25066862,
          0.9519919,
          -0.17571746,
          0,
          -0.7795376,
          0.30612317,
          0.5464521,
          0,
          -0.42621532,
          0.32366148,
          0.22978722,
          1
        ]
      },
      {
        "date" : 773137252.650824,
        "title" : "Untitled",
        "transform" : [
          0.67849845,
          -1.2296292e-08,
          0.7346019,
          0,
          -0.1933485,
          0.9647408,
          0.17858198,
          0,
          -0.7087004,
          -0.26320174,
          0.6545751,
          0,
          -0.27523595,
          0.06659116,
          0.18516557,
          1
        ]
      },
      {
        "date" : 773137197.817389,
        "title" : "Untitled",
        "transform" : [
          0.86931396,
          -1.1433984e-09,
          -0.49426037,
          0,
          -0.014299464,
          0.9995814,
          -0.025150158,
          0,
          0.49405348,
          0.028931046,
          0.86895007,
          0,
          0.35196543,
          0.1935587,
          0.79564613,
          1
        ]
      },
      {
        "date" : 773137159.903096,
        "title" : "Untitled",
        "transform" : [
          0.86931384,
          -1.1433983e-09,
          -0.4942603,
          0,
          -0.014299464,
          0.9995814,
          -0.025150158,
          0,
          0.49405348,
          0.028931046,
          0.86895007,
          0,
          0.16212237,
          0.14435323,
          0.21948038,
          1
        ]
      },
      {
        "date" : 773137134.550086,
        "title" : "Untitled",
        "transform" : [
          0.98984796,
          -2.0903403e-09,
          0.14213024,
          0,
          0.031812612,
          0.9746288,
          -0.22155489,
          0,
          -0.13852423,
          0.22382721,
          0.96473444,
          0,
          -0.0016266266,
          0.194543,
          0.23967378,
          1
        ]
      }
    ]
  },
  "sceneViewportBackgroundColors" : {

  }
}